#              x        Density              u              v              p           Mach
  -0.50000000E+00   0.10000000E+01   0.00000000E+00   0.00000000E+00   0.17857140E+00   0.00000000E+00
  -0.46153846E+00   0.10286378E+01   0.00000000E+00   0.00000000E+00   0.18368529E+00   0.00000000E+00
  -0.42307693E+00   0.10086133E+01   0.00000000E+00   0.00000000E+00   0.18010948E+00   0.00000000E+00
  -0.38461539E+00   0.10079089E+01   0.00000000E+00   0.00000000E+00   0.17998370E+00   0.00000000E+00
  -0.34615386E+00   0.10079253E+01   0.00000000E+00   0.00000000E+00   0.17998664E+00   0.00000000E+00
  -0.30769229E+00   0.10079503E+01   0.00000000E+00   0.00000000E+00   0.17999110E+00   0.00000000E+00
  -0.26923075E+00   0.10079799E+01   0.00000000E+00   0.00000000E+00   0.17999638E+00   0.00000000E+00
  -0.23076922E+00   0.10080158E+01   0.00000000E+00   0.00000000E+00   0.18000279E+00   0.00000000E+00
  -0.19230768E+00   0.10080620E+01   0.00000000E+00   0.00000000E+00   0.18001104E+00   0.00000000E+00
  -0.15384614E+00   0.10081258E+01   0.00000000E+00   0.00000000E+00   0.18002243E+00   0.00000000E+00
  -0.11538460E+00   0.10082249E+01   0.00000000E+00   0.00000000E+00   0.18004013E+00   0.00000000E+00
  -0.76923057E-01   0.10084224E+01   0.00000000E+00   0.00000000E+00   0.18007540E+00   0.00000000E+00
  -0.38461521E-01   0.10090431E+01   0.00000000E+00   0.00000000E+00   0.18018624E+00   0.00000000E+00
   0.18626451E-07   0.12225613E+01   0.00000000E+00   0.00000000E+00   0.21831449E+00   0.00000000E+00
   0.26315790E-01   0.15999911E+01   0.00000000E+00   0.00000000E+00   0.28571265E+00   0.00000000E+00
   0.52631579E-01   0.16080197E+01   0.00000000E+00   0.00000000E+00   0.28714632E+00   0.00000000E+00
   0.78947365E-01   0.16083657E+01   0.00000000E+00   0.00000000E+00   0.28720812E+00   0.00000000E+00
   0.10526316E+00   0.16081376E+01   0.00000000E+00   0.00000000E+00   0.28716738E+00   0.00000000E+00
   0.13157895E+00   0.16078937E+01   0.00000000E+00   0.00000000E+00   0.28712382E+00   0.00000000E+00
   0.15789473E+00   0.16077186E+01   0.00000000E+00   0.00000000E+00   0.28709256E+00   0.00000000E+00
   0.18421052E+00   0.16075505E+01   0.00000000E+00   0.00000000E+00   0.28706255E+00   0.00000000E+00
   0.21052632E+00   0.16073881E+01   0.00000000E+00   0.00000000E+00   0.28703355E+00   0.00000000E+00
   0.23684211E+00   0.16072334E+01   0.00000000E+00   0.00000000E+00   0.28700592E+00   0.00000000E+00
   0.26315790E+00   0.16070877E+01   0.00000000E+00   0.00000000E+00   0.28697990E+00   0.00000000E+00
   0.28947368E+00   0.16069459E+01   0.00000000E+00   0.00000000E+00   0.28695459E+00   0.00000000E+00
   0.31578946E+00   0.16068025E+01   0.00000000E+00   0.00000000E+00   0.28692897E+00   0.00000000E+00
   0.34210527E+00   0.16066698E+01   0.00000000E+00   0.00000000E+00   0.28690527E+00   0.00000000E+00
   0.36842105E+00   0.16065429E+01   0.00000000E+00   0.00000000E+00   0.28688261E+00   0.00000000E+00
   0.39473686E+00   0.16064206E+01   0.00000000E+00   0.00000000E+00   0.28686077E+00   0.00000000E+00
   0.42105263E+00   0.16063529E+01   0.00000000E+00   0.00000000E+00   0.28684869E+00   0.00000000E+00
   0.44736841E+00   0.16064875E+01   0.00000000E+00   0.00000000E+00   0.28687271E+00   0.00000000E+00
   0.47368422E+00   0.16104335E+01   0.00000000E+00   0.00000000E+00   0.28757737E+00   0.00000000E+00
   0.50000000E+00   0.10135943E+01   0.00000000E+00   0.00000000E+00   0.18099894E+00   0.00000000E+00
   0.52631581E+00   0.60940503E+00   0.00000000E+00   0.00000000E+00   0.10882231E+00   0.00000000E+00
   0.55263156E+00   0.60413036E+00   0.00000000E+00   0.00000000E+00   0.10788040E+00   0.00000000E+00
   0.57894737E+00   0.60330258E+00   0.00000000E+00   0.00000000E+00   0.10773259E+00   0.00000000E+00
   0.60526317E+00   0.60318645E+00   0.00000000E+00   0.00000000E+00   0.10771185E+00   0.00000000E+00
   0.63157892E+00   0.60322311E+00   0.00000000E+00   0.00000000E+00   0.10771839E+00   0.00000000E+00
   0.65789473E+00   0.60327681E+00   0.00000000E+00   0.00000000E+00   0.10772798E+00   0.00000000E+00
   0.68421054E+00   0.60331679E+00   0.00000000E+00   0.00000000E+00   0.10773512E+00   0.00000000E+00
   0.71052629E+00   0.60336703E+00   0.00000000E+00   0.00000000E+00   0.10774409E+00   0.00000000E+00
   0.73684210E+00   0.60341749E+00   0.00000000E+00   0.00000000E+00   0.10775311E+00   0.00000000E+00
   0.76315790E+00   0.60347134E+00   0.00000000E+00   0.00000000E+00   0.10776272E+00   0.00000000E+00
   0.78947371E+00   0.60352438E+00   0.00000000E+00   0.00000000E+00   0.10777219E+00   0.00000000E+00
   0.81578946E+00   0.60359251E+00   0.00000000E+00   0.00000000E+00   0.10778436E+00   0.00000000E+00
   0.84210527E+00   0.60366696E+00   0.00000000E+00   0.00000000E+00   0.10779765E+00   0.00000000E+00
   0.86842108E+00   0.60376314E+00   0.00000000E+00   0.00000000E+00   0.10781483E+00   0.00000000E+00
   0.89473683E+00   0.60388245E+00   0.00000000E+00   0.00000000E+00   0.10783614E+00   0.00000000E+00
   0.92105263E+00   0.60406088E+00   0.00000000E+00   0.00000000E+00   0.10786800E+00   0.00000000E+00
   0.94736844E+00   0.60437342E+00   0.00000000E+00   0.00000000E+00   0.10792381E+00   0.00000000E+00
   0.97368419E+00   0.60645445E+00   0.00000000E+00   0.00000000E+00   0.10829542E+00   0.00000000E+00
   0.10000000E+01   0.80713050E+00   0.00000000E+00   0.00000000E+00   0.14413042E+00   0.00000000E+00
   0.10384616E+01   0.10010800E+01   0.00000000E+00   0.00000000E+00   0.17876426E+00   0.00000000E+00
   0.10769231E+01   0.10080039E+01   0.00000000E+00   0.00000000E+00   0.18000066E+00   0.00000000E+00
   0.11153846E+01   0.10083630E+01   0.00000000E+00   0.00000000E+00   0.18006480E+00   0.00000000E+00
   0.11538461E+01   0.10082609E+01   0.00000000E+00   0.00000000E+00   0.18004655E+00   0.00000000E+00
   0.11923077E+01   0.10081652E+01   0.00000000E+00   0.00000000E+00   0.18002947E+00   0.00000000E+00
   0.12307693E+01   0.10080966E+01   0.00000000E+00   0.00000000E+00   0.18001722E+00   0.00000000E+00
   0.12692307E+01   0.10080458E+01   0.00000000E+00   0.00000000E+00   0.18000815E+00   0.00000000E+00
   0.13076923E+01   0.10080060E+01   0.00000000E+00   0.00000000E+00   0.18000103E+00   0.00000000E+00
   0.13461539E+01   0.10079739E+01   0.00000000E+00   0.00000000E+00   0.17999531E+00   0.00000000E+00
   0.13846154E+01   0.10079463E+01   0.00000000E+00   0.00000000E+00   0.17999039E+00   0.00000000E+00
   0.14230770E+01   0.10079226E+01   0.00000000E+00   0.00000000E+00   0.17998615E+00   0.00000000E+00
   0.14615384E+01   0.10079010E+01   0.00000000E+00   0.00000000E+00   0.17998229E+00   0.00000000E+00
   0.15000000E+01   0.10079010E+01   0.00000000E+00   0.00000000E+00   0.17998229E+00   0.00000000E+00
