# Iteration RMS error
     1 0.99999999E+00
     2 0.13392752E+00
     3 0.12415894E+00
     4 0.11609620E+00
     5 0.10853769E+00
     6 0.10271295E+00
     7 0.10065936E+00
     8 0.98787660E-01
     9 0.96748171E-01
    10 0.96958770E-01
    11 0.97220922E-01
    12 0.97512155E-01
    13 0.97109265E-01
    14 0.95992065E-01
    15 0.96499959E-01
    16 0.96728031E-01
    17 0.96932548E-01
    18 0.96776888E-01
    19 0.96145366E-01
    20 0.95384386E-01
    21 0.95254627E-01
    22 0.93443496E-01
    23 0.92177167E-01
    24 0.90810724E-01
    25 0.88286043E-01
    26 0.85561744E-01
    27 0.82517151E-01
    28 0.79276676E-01
    29 0.76186212E-01
    30 0.73780391E-01
    31 0.71367133E-01
    32 0.68563839E-01
    33 0.65343081E-01
    34 0.62360377E-01
    35 0.61014191E-01
    36 0.58764552E-01
    37 0.56708516E-01
    38 0.55696723E-01
    39 0.54492933E-01
    40 0.53790856E-01
    41 0.52216999E-01
    42 0.50761520E-01
    43 0.49395156E-01
    44 0.47908763E-01
    45 0.47710245E-01
    46 0.47167054E-01
    47 0.45569006E-01
    48 0.44835196E-01
    49 0.44147114E-01
    50 0.43326030E-01
    51 0.42042940E-01
    52 0.41673761E-01
    53 0.40475005E-01
    54 0.39156493E-01
    55 0.39049973E-01
    56 0.37856745E-01
    57 0.36604975E-01
    58 0.36122828E-01
    59 0.36100810E-01
    60 0.35477748E-01
    61 0.34174402E-01
    62 0.33833278E-01
    63 0.32564673E-01
    64 0.31443084E-01
    65 0.31270463E-01
    66 0.31009697E-01
    67 0.29964193E-01
    68 0.29214084E-01
    69 0.29327946E-01
    70 0.27946152E-01
    71 0.27500894E-01
    72 0.26934771E-01
    73 0.26737023E-01
    74 0.26040515E-01
    75 0.25320497E-01
    76 0.25366664E-01
    77 0.24435821E-01
    78 0.23842559E-01
    79 0.24281514E-01
    80 0.23964943E-01
    81 0.23262685E-01
    82 0.22423642E-01
    83 0.23027027E-01
    84 0.22556274E-01
    85 0.21693496E-01
    86 0.22079627E-01
    87 0.22476620E-01
    88 0.21449360E-01
    89 0.20996276E-01
    90 0.21557005E-01
    91 0.20555162E-01
    92 0.20473251E-01
    93 0.22189206E-01
    94 0.21850716E-01
    95 0.20319919E-01
    96 0.21073668E-01
    97 0.22597229E-01
    98 0.21248878E-01
    99 0.20271674E-01
   100 0.21112634E-01
   101 0.22735070E-01
   102 0.21505325E-01
   103 0.21783967E-01
   104 0.21216389E-01
   105 0.21500035E-01
   106 0.22091797E-01
   107 0.22308480E-01
   108 0.21077542E-01
   109 0.19883395E-01
   110 0.23614992E-01
   111 0.24489518E-01
   112 0.21759041E-01
   113 0.20343336E-01
   114 0.23197018E-01
   115 0.24436450E-01
   116 0.21941795E-01
   117 0.20427387E-01
   118 0.20880602E-01
   119 0.23880193E-01
   120 0.25014651E-01
   121 0.23206575E-01
   122 0.20577110E-01
   123 0.23763729E-01
   124 0.24919289E-01
   125 0.22563182E-01
   126 0.20391461E-01
   127 0.21313773E-01
   128 0.24287113E-01
   129 0.25550031E-01
   130 0.23676863E-01
   131 0.20229466E-01
   132 0.24495099E-01
   133 0.25729045E-01
   134 0.22866444E-01
   135 0.20781312E-01
   136 0.20949666E-01
   137 0.24165633E-01
   138 0.24620397E-01
   139 0.23353361E-01
   140 0.19815812E-01
   141 0.24001670E-01
   142 0.24632865E-01
   143 0.22629282E-01
   144 0.20455324E-01
   145 0.20922668E-01
   146 0.23999527E-01
   147 0.23718967E-01
   148 0.22741981E-01
   149 0.19195043E-01
   150 0.23033562E-01
   151 0.23906256E-01
   152 0.21856967E-01
   153 0.18734425E-01
   154 0.20366459E-01
   155 0.23390768E-01
   156 0.22795126E-01
   157 0.21812905E-01
   158 0.18638369E-01
   159 0.23172041E-01
   160 0.23325798E-01
   161 0.21371378E-01
   162 0.17929179E-01
   163 0.20155159E-01
   164 0.23473763E-01
   165 0.23504857E-01
   166 0.20133712E-01
   167 0.18389488E-01
   168 0.23182848E-01
   169 0.23922121E-01
   170 0.21030147E-01
   171 0.18814078E-01
   172 0.22217437E-01
   173 0.23700250E-01
   174 0.23962459E-01
   175 0.20706035E-01
   176 0.20150311E-01
   177 0.23508150E-01
   178 0.24674045E-01
   179 0.20882515E-01
   180 0.19081157E-01
   181 0.22971332E-01
   182 0.24431273E-01
   183 0.23868213E-01
   184 0.19524472E-01
   185 0.21986363E-01
   186 0.23426136E-01
   187 0.22801386E-01
   188 0.18936956E-01
   189 0.18422542E-01
   190 0.22211772E-01
   191 0.22546527E-01
   192 0.22363785E-01
   193 0.18411467E-01
   194 0.21512825E-01
   195 0.22267759E-01
   196 0.21400949E-01
   197 0.17563764E-01
   198 0.18523093E-01
   199 0.21816521E-01
   200 0.22057541E-01
   201 0.20782613E-01
   202 0.17258847E-01
   203 0.21085906E-01
   204 0.21635630E-01
   205 0.19735266E-01
   206 0.16416043E-01
   207 0.18584130E-01
   208 0.21337008E-01
   209 0.21181577E-01
   210 0.17839864E-01
   211 0.17171826E-01
   212 0.21538844E-01
   213 0.22063016E-01
   214 0.17924931E-01
   215 0.15844694E-01
   216 0.21146949E-01
   217 0.21288115E-01
   218 0.18944785E-01
   219 0.15124482E-01
   220 0.19623736E-01
   221 0.22202681E-01
   222 0.20190233E-01
   223 0.16663494E-01
   224 0.18550232E-01
   225 0.22330797E-01
   226 0.21859627E-01
   227 0.18365265E-01
   228 0.16951993E-01
   229 0.22824668E-01
   230 0.22894275E-01
   231 0.18451450E-01
   232 0.15568479E-01
   233 0.21215807E-01
   234 0.21892061E-01
   235 0.19317456E-01
   236 0.15073290E-01
   237 0.19637505E-01
   238 0.22057011E-01
   239 0.19652583E-01
   240 0.16470935E-01
   241 0.19425355E-01
   242 0.21788464E-01
   243 0.21526947E-01
   244 0.16872367E-01
   245 0.18633485E-01
   246 0.22162341E-01
   247 0.21975119E-01
   248 0.16761165E-01
   249 0.16879594E-01
   250 0.21142506E-01
   251 0.20772637E-01
   252 0.18094371E-01
   253 0.15162543E-01
   254 0.20362622E-01
   255 0.21479258E-01
   256 0.19300671E-01
   257 0.16138884E-01
   258 0.19230895E-01
   259 0.20728379E-01
   260 0.20408309E-01
   261 0.16290886E-01
   262 0.18656838E-01
   263 0.22098559E-01
   264 0.20568711E-01
   265 0.16323543E-01
   266 0.17205782E-01
   267 0.21252220E-01
   268 0.20572233E-01
   269 0.17423827E-01
   270 0.16586830E-01
   271 0.19886759E-01
   272 0.21214296E-01
   273 0.17896561E-01
   274 0.15741018E-01
   275 0.20034727E-01
   276 0.20911597E-01
   277 0.18597772E-01
   278 0.14910542E-01
   279 0.19381225E-01
   280 0.22182922E-01
   281 0.19169089E-01
   282 0.16247264E-01
   283 0.19402082E-01
   284 0.20767308E-01
   285 0.19452628E-01
   286 0.15772460E-01
   287 0.19203766E-01
   288 0.22247338E-01
   289 0.21700983E-01
   290 0.16616187E-01
   291 0.17863694E-01
   292 0.21905124E-01
   293 0.21097839E-01
   294 0.17057359E-01
   295 0.16077703E-01
   296 0.22157807E-01
   297 0.22893119E-01
   298 0.18262412E-01
   299 0.17051627E-01
   300 0.22611891E-01
   301 0.22885844E-01
   302 0.19109929E-01
   303 0.16596550E-01
   304 0.21441539E-01
   305 0.23977380E-01
   306 0.19701617E-01
   307 0.16356203E-01
   308 0.21325301E-01
   309 0.22935203E-01
   310 0.21783955E-01
   311 0.16407509E-01
   312 0.20080584E-01
   313 0.24083984E-01
   314 0.23044188E-01
   315 0.17547290E-01
   316 0.20063479E-01
   317 0.23581290E-01
   318 0.22953962E-01
   319 0.19253778E-01
   320 0.18742880E-01
   321 0.23022050E-01
   322 0.24586801E-01
   323 0.19231932E-01
   324 0.16536083E-01
   325 0.22405454E-01
   326 0.22661415E-01
   327 0.19875432E-01
   328 0.15093595E-01
   329 0.20763045E-01
   330 0.24280002E-01
   331 0.20811650E-01
   332 0.15967739E-01
   333 0.21302342E-01
   334 0.23491795E-01
   335 0.21176358E-01
   336 0.16324319E-01
   337 0.20105762E-01
   338 0.23947200E-01
   339 0.23236515E-01
   340 0.17561159E-01
   341 0.19099212E-01
   342 0.22811240E-01
   343 0.22763361E-01
   344 0.18589924E-01
   345 0.18341125E-01
   346 0.22663809E-01
   347 0.24187187E-01
   348 0.18806797E-01
   349 0.17877530E-01
   350 0.22061501E-01
   351 0.22126827E-01
   352 0.19510254E-01
   353 0.16453494E-01
   354 0.20922900E-01
   355 0.22808633E-01
   356 0.20561500E-01
   357 0.16516715E-01
   358 0.20665883E-01
   359 0.22046140E-01
   360 0.19725631E-01
   361 0.16722834E-01
   362 0.19098902E-01
   363 0.22158826E-01
   364 0.21287165E-01
   365 0.16475468E-01
   366 0.19149101E-01
   367 0.21569441E-01
   368 0.20514660E-01
   369 0.17579554E-01
   370 0.18263292E-01
   371 0.21860095E-01
   372 0.22095979E-01
   373 0.19146640E-01
   374 0.18282433E-01
   375 0.20038150E-01
   376 0.20986540E-01
   377 0.18756105E-01
   378 0.17895617E-01
   379 0.20256664E-01
   380 0.21914545E-01
   381 0.19949316E-01
   382 0.17952640E-01
   383 0.20311225E-01
   384 0.21292855E-01
   385 0.19279408E-01
   386 0.18327934E-01
   387 0.20281104E-01
   388 0.21906170E-01
   389 0.20711491E-01
   390 0.18778225E-01
   391 0.21513013E-01
   392 0.21234111E-01
   393 0.19590446E-01
   394 0.18817426E-01
   395 0.20929572E-01
   396 0.22369488E-01
   397 0.21110803E-01
   398 0.20096458E-01
   399 0.21996910E-01
   400 0.21829086E-01
   401 0.21320487E-01
   402 0.19450784E-01
   403 0.21110392E-01
   404 0.22744709E-01
   405 0.22316104E-01
   406 0.21675208E-01
   407 0.22165121E-01
   408 0.22700085E-01
   409 0.22805750E-01
   410 0.21999355E-01
   411 0.22607160E-01
   412 0.23261204E-01
   413 0.24705080E-01
   414 0.23623477E-01
   415 0.23798217E-01
   416 0.23624331E-01
   417 0.23711562E-01
   418 0.24118517E-01
   419 0.23740615E-01
   420 0.24009115E-01
   421 0.24304573E-01
   422 0.24689155E-01
   423 0.25254383E-01
   424 0.25443732E-01
   425 0.24048204E-01
   426 0.24410927E-01
   427 0.24813521E-01
   428 0.25730345E-01
   429 0.25714561E-01
   430 0.25475985E-01
   431 0.24581071E-01
   432 0.26881928E-01
   433 0.26526323E-01
   434 0.24746871E-01
   435 0.24624495E-01
   436 0.25654254E-01
   437 0.27224437E-01
   438 0.26710403E-01
   439 0.24848717E-01
   440 0.25006110E-01
   441 0.28333851E-01
   442 0.27420540E-01
   443 0.24506132E-01
   444 0.24034096E-01
   445 0.26725850E-01
   446 0.28235084E-01
   447 0.26471873E-01
   448 0.24397439E-01
   449 0.26623440E-01
   450 0.28094832E-01
   451 0.27015385E-01
   452 0.24697285E-01
   453 0.25034110E-01
   454 0.27607225E-01
   455 0.28072412E-01
   456 0.25942148E-01
   457 0.25249004E-01
   458 0.27301264E-01
   459 0.27251193E-01
   460 0.26290995E-01
   461 0.25194622E-01
   462 0.25798150E-01
   463 0.27335391E-01
   464 0.26513173E-01
   465 0.25729546E-01
   466 0.26332970E-01
   467 0.26913875E-01
   468 0.25773247E-01
   469 0.25525502E-01
   470 0.26298852E-01
   471 0.26863878E-01
   472 0.27074859E-01
   473 0.25399549E-01
   474 0.26172789E-01
   475 0.27531164E-01
   476 0.26963542E-01
   477 0.24865929E-01
   478 0.25366181E-01
   479 0.27367500E-01
   480 0.27138832E-01
   481 0.25551197E-01
   482 0.24641693E-01
   483 0.27319473E-01
   484 0.27828895E-01
   485 0.25923007E-01
   486 0.24249486E-01
   487 0.26361537E-01
   488 0.27890945E-01
   489 0.26549472E-01
   490 0.24588127E-01
   491 0.25762400E-01
   492 0.27361767E-01
   493 0.26983443E-01
   494 0.24935800E-01
   495 0.24796950E-01
   496 0.27233031E-01
   497 0.27450245E-01
   498 0.25966039E-01
   499 0.25115704E-01
   500 0.26225374E-01
   501 0.27019170E-01
   502 0.26409098E-01
   503 0.24937536E-01
   504 0.25859640E-01
   505 0.27583568E-01
   506 0.26309199E-01
   507 0.25792953E-01
   508 0.26332441E-01
   509 0.26294690E-01
   510 0.26224063E-01
   511 0.25538744E-01
   512 0.25379505E-01
   513 0.26525724E-01
   514 0.27031982E-01
   515 0.25878025E-01
   516 0.25600703E-01
   517 0.26223014E-01
   518 0.26103785E-01
   519 0.25992620E-01
   520 0.25642971E-01
   521 0.26414938E-01
   522 0.26959748E-01
   523 0.26251545E-01
   524 0.26128706E-01
   525 0.26372056E-01
   526 0.26412228E-01
   527 0.26028332E-01
   528 0.26096490E-01
   529 0.26481626E-01
   530 0.26715301E-01
   531 0.25981781E-01
   532 0.26101129E-01
   533 0.26985627E-01
   534 0.26295214E-01
   535 0.25452210E-01
   536 0.25927603E-01
   537 0.26087732E-01
   538 0.26494182E-01
   539 0.25931306E-01
   540 0.25482522E-01
   541 0.26302208E-01
   542 0.26641022E-01
   543 0.25449580E-01
   544 0.25010047E-01
   545 0.26649251E-01
   546 0.26869645E-01
   547 0.26675949E-01
   548 0.25414556E-01
   549 0.26176266E-01
   550 0.27528740E-01
   551 0.26876218E-01
   552 0.25294638E-01
   553 0.24973153E-01
   554 0.27382704E-01
   555 0.27375261E-01
   556 0.25903963E-01
   557 0.24939840E-01
   558 0.26566507E-01
   559 0.27165961E-01
   560 0.26547537E-01
   561 0.24776532E-01
   562 0.25518897E-01
   563 0.26987892E-01
   564 0.27469748E-01
   565 0.25510039E-01
   566 0.25047458E-01
   567 0.26601202E-01
   568 0.26843420E-01
   569 0.26464122E-01
   570 0.25474594E-01
   571 0.26454823E-01
   572 0.26715104E-01
   573 0.26582142E-01
   574 0.26369125E-01
   575 0.26537131E-01
   576 0.26037342E-01
   577 0.25837577E-01
   578 0.26025688E-01
   579 0.26503619E-01
   580 0.26585068E-01
   581 0.26147591E-01
   582 0.25488142E-01
   583 0.26721949E-01
   584 0.26720484E-01
   585 0.25523560E-01
   586 0.25211717E-01
   587 0.26318045E-01
   588 0.27495588E-01
   589 0.26500758E-01
   590 0.25218199E-01
   591 0.25752073E-01
   592 0.27604727E-01
   593 0.26737021E-01
   594 0.25056736E-01
   595 0.25115252E-01
   596 0.27208693E-01
   597 0.27561837E-01
   598 0.25454502E-01
   599 0.24867246E-01
   600 0.26582806E-01
   601 0.27304639E-01
   602 0.25641828E-01
   603 0.24652078E-01
   604 0.25769090E-01
   605 0.27810626E-01
   606 0.26622996E-01
   607 0.24916166E-01
   608 0.25502300E-01
   609 0.26993888E-01
   610 0.26874430E-01
   611 0.25158768E-01
   612 0.24501451E-01
   613 0.26537807E-01
   614 0.27788615E-01
   615 0.25306432E-01
   616 0.24358104E-01
   617 0.26230755E-01
   618 0.26812983E-01
   619 0.25972187E-01
   620 0.24710410E-01
   621 0.25213052E-01
   622 0.26875301E-01
   623 0.27174876E-01
   624 0.24953172E-01
   625 0.24848556E-01
   626 0.26215955E-01
   627 0.26355430E-01
   628 0.25404973E-01
   629 0.25092081E-01
   630 0.26491035E-01
   631 0.27024120E-01
   632 0.25514944E-01
   633 0.25054109E-01
   634 0.26116739E-01
   635 0.26537430E-01
   636 0.25500307E-01
   637 0.24711602E-01
   638 0.25730888E-01
   639 0.27069373E-01
   640 0.26277188E-01
   641 0.24840190E-01
   642 0.25269884E-01
   643 0.26162606E-01
   644 0.26079251E-01
   645 0.24952392E-01
   646 0.24737344E-01
   647 0.25895412E-01
   648 0.26914253E-01
   649 0.25836468E-01
   650 0.25116085E-01
   651 0.25086731E-01
   652 0.25600393E-01
   653 0.25705894E-01
   654 0.25172646E-01
   655 0.25468162E-01
   656 0.25759742E-01
   657 0.25739180E-01
   658 0.25623264E-01
   659 0.25997100E-01
   660 0.25115582E-01
   661 0.24624409E-01
   662 0.24940567E-01
   663 0.25864630E-01
   664 0.26073703E-01
   665 0.24995324E-01
   666 0.25139946E-01
   667 0.25910615E-01
   668 0.26293752E-01
   669 0.25160557E-01
   670 0.24283035E-01
   671 0.25071446E-01
   672 0.26468049E-01
   673 0.26580172E-01
   674 0.25101207E-01
   675 0.24871711E-01
   676 0.26108193E-01
   677 0.26207536E-01
   678 0.25188707E-01
   679 0.24675154E-01
   680 0.25789029E-01
   681 0.26149447E-01
   682 0.25789161E-01
   683 0.25456160E-01
   684 0.25556598E-01
   685 0.25633964E-01
   686 0.25576459E-01
   687 0.24705532E-01
   688 0.25428297E-01
   689 0.25931712E-01
   690 0.25308495E-01
   691 0.25130734E-01
   692 0.26143332E-01
   693 0.25742133E-01
   694 0.25041713E-01
   695 0.24895035E-01
   696 0.25333961E-01
   697 0.25856415E-01
   698 0.25907006E-01
   699 0.25224854E-01
   700 0.25501125E-01
   701 0.26042669E-01
   702 0.25654147E-01
   703 0.25210454E-01
   704 0.25206921E-01
   705 0.25858874E-01
   706 0.25823626E-01
   707 0.25002777E-01
   708 0.25292228E-01
   709 0.26406346E-01
   710 0.25634992E-01
   711 0.24708085E-01
   712 0.24848838E-01
   713 0.26126193E-01
   714 0.26195006E-01
   715 0.25124571E-01
   716 0.24833878E-01
   717 0.25919046E-01
   718 0.26895962E-01
   719 0.25408220E-01
   720 0.24576602E-01
   721 0.25137771E-01
   722 0.26933271E-01
   723 0.26324336E-01
   724 0.24926463E-01
   725 0.25015690E-01
   726 0.26098765E-01
   727 0.26343699E-01
   728 0.25226697E-01
   729 0.24972946E-01
   730 0.25916098E-01
   731 0.26467804E-01
   732 0.25481147E-01
   733 0.25100891E-01
   734 0.25763428E-01
   735 0.25985675E-01
   736 0.25499500E-01
   737 0.24870570E-01
   738 0.25836911E-01
   739 0.26342290E-01
   740 0.25654727E-01
   741 0.24935484E-01
   742 0.25874081E-01
   743 0.26211449E-01
   744 0.25512422E-01
   745 0.24557229E-01
   746 0.25208281E-01
   747 0.26329081E-01
   748 0.26339019E-01
   749 0.25555359E-01
   750 0.25126780E-01
   751 0.25783323E-01
   752 0.26348227E-01
   753 0.25775350E-01
   754 0.24915098E-01
   755 0.25597814E-01
   756 0.26231439E-01
   757 0.26103902E-01
   758 0.25983931E-01
   759 0.25409240E-01
   760 0.25258115E-01
   761 0.25776792E-01
   762 0.25900346E-01
   763 0.25838618E-01
   764 0.25331300E-01
   765 0.25110100E-01
   766 0.25728255E-01
   767 0.26574631E-01
   768 0.25613039E-01
   769 0.24681438E-01
   770 0.24976640E-01
   771 0.26195595E-01
   772 0.26209228E-01
   773 0.24958404E-01
   774 0.24801314E-01
   775 0.26011477E-01
   776 0.26371808E-01
   777 0.25475455E-01
   778 0.24700997E-01
   779 0.25330089E-01
   780 0.26273009E-01
   781 0.26330374E-01
   782 0.25083388E-01
   783 0.25045827E-01
   784 0.25880486E-01
   785 0.25879612E-01
   786 0.25264396E-01
   787 0.25249078E-01
   788 0.25834624E-01
   789 0.25862545E-01
   790 0.25400139E-01
   791 0.25232438E-01
   792 0.25806448E-01
   793 0.25584371E-01
   794 0.25191622E-01
   795 0.24884832E-01
   796 0.25924730E-01
   797 0.25872223E-01
   798 0.25267823E-01
   799 0.25161974E-01
   800 0.25983998E-01
   801 0.25874618E-01
   802 0.25257086E-01
   803 0.25013502E-01
   804 0.25315970E-01
   805 0.26372192E-01
   806 0.25833504E-01
   807 0.25046366E-01
   808 0.25363186E-01
   809 0.26027272E-01
   810 0.25625748E-01
   811 0.24962460E-01
   812 0.25205917E-01
   813 0.26038440E-01
   814 0.25957915E-01
   815 0.25136089E-01
   816 0.25039613E-01
   817 0.25934856E-01
   818 0.25937155E-01
   819 0.25052216E-01
   820 0.24684763E-01
   821 0.25668478E-01
   822 0.26156812E-01
   823 0.25100929E-01
   824 0.24738641E-01
   825 0.25614453E-01
   826 0.26042583E-01
   827 0.25398717E-01
   828 0.24841709E-01
   829 0.25208251E-01
   830 0.26306015E-01
   831 0.25849129E-01
   832 0.24809003E-01
   833 0.25039693E-01
   834 0.25815623E-01
   835 0.25824509E-01
   836 0.24877416E-01
   837 0.24754779E-01
   838 0.25840660E-01
   839 0.26345405E-01
   840 0.25006531E-01
   841 0.24526184E-01
   842 0.25361528E-01
   843 0.25797013E-01
   844 0.25322740E-01
   845 0.24596868E-01
   846 0.25029684E-01
   847 0.25931898E-01
   848 0.25844555E-01
   849 0.24869599E-01
   850 0.24971082E-01
   851 0.25438196E-01
   852 0.25719535E-01
   853 0.25143395E-01
   854 0.24747034E-01
   855 0.25610362E-01
   856 0.26133207E-01
   857 0.25876770E-01
   858 0.24875572E-01
   859 0.25275669E-01
   860 0.25379134E-01
   861 0.25437580E-01
   862 0.25399358E-01
   863 0.25531564E-01
   864 0.25587845E-01
   865 0.25472985E-01
   866 0.25504779E-01
   867 0.25427970E-01
   868 0.25383498E-01
   869 0.25188662E-01
   870 0.24975730E-01
   871 0.25451601E-01
   872 0.25717289E-01
   873 0.25289630E-01
   874 0.25502881E-01
   875 0.25888011E-01
   876 0.25523228E-01
   877 0.24876552E-01
   878 0.24976969E-01
   879 0.25540902E-01
   880 0.26064912E-01
   881 0.25715095E-01
   882 0.25017811E-01
   883 0.25507075E-01
   884 0.25986872E-01
   885 0.25715219E-01
   886 0.24880467E-01
   887 0.24944420E-01
   888 0.25886123E-01
   889 0.25896629E-01
   890 0.25101805E-01
   891 0.25137661E-01
   892 0.26140324E-01
   893 0.25878978E-01
   894 0.25092164E-01
   895 0.24746118E-01
   896 0.25473388E-01
   897 0.26132947E-01
   898 0.25773877E-01
   899 0.25157939E-01
   900 0.25570615E-01
   901 0.25815724E-01
   902 0.25686345E-01
   903 0.25146564E-01
   904 0.25530435E-01
   905 0.25874886E-01
   906 0.25625521E-01
   907 0.25054218E-01
   908 0.25526370E-01
   909 0.26221560E-01
   910 0.25753112E-01
   911 0.25075765E-01
   912 0.24821286E-01
   913 0.25943365E-01
   914 0.26225870E-01
   915 0.25495954E-01
   916 0.25245571E-01
   917 0.25688588E-01
   918 0.26052390E-01
   919 0.25369823E-01
   920 0.25269139E-01
   921 0.25538018E-01
   922 0.26067590E-01
   923 0.25674498E-01
   924 0.25228194E-01
   925 0.25485024E-01
   926 0.25726760E-01
   927 0.26037566E-01
   928 0.25497704E-01
   929 0.25476632E-01
   930 0.25403996E-01
   931 0.25586340E-01
   932 0.25658869E-01
   933 0.26107306E-01
   934 0.26019172E-01
   935 0.25302540E-01
   936 0.25268144E-01
   937 0.25500076E-01
   938 0.26693975E-01
   939 0.26294760E-01
   940 0.25370613E-01
   941 0.25103366E-01
   942 0.26096113E-01
   943 0.26236698E-01
   944 0.25775269E-01
   945 0.25510729E-01
   946 0.26091048E-01
   947 0.26327566E-01
   948 0.25579461E-01
   949 0.25390397E-01
   950 0.26065669E-01
   951 0.26330543E-01
   952 0.26041090E-01
   953 0.25296797E-01
   954 0.25324727E-01
   955 0.25938897E-01
   956 0.26270420E-01
   957 0.26049388E-01
   958 0.25908161E-01
   959 0.25698918E-01
   960 0.25534008E-01
   961 0.25647058E-01
   962 0.26317936E-01
   963 0.26549874E-01
   964 0.26070166E-01
   965 0.25370176E-01
   966 0.25426874E-01
   967 0.26141465E-01
   968 0.26143948E-01
   969 0.25779490E-01
   970 0.25437599E-01
   971 0.25990188E-01
   972 0.26027882E-01
   973 0.25690655E-01
   974 0.25824140E-01
   975 0.26128899E-01
   976 0.26080153E-01
   977 0.25400398E-01
   978 0.25110708E-01
   979 0.25714901E-01
   980 0.26442617E-01
   981 0.26170570E-01
   982 0.25619644E-01
   983 0.25733927E-01
   984 0.25740164E-01
   985 0.25874269E-01
   986 0.25819756E-01
   987 0.25806714E-01
   988 0.26367157E-01
   989 0.26147450E-01
   990 0.25453777E-01
   991 0.25519937E-01
   992 0.26535643E-01
   993 0.26335631E-01
   994 0.25575389E-01
   995 0.25310254E-01
   996 0.26171569E-01
   997 0.26596503E-01
   998 0.26008512E-01
   999 0.25757367E-01
  1000 0.26079885E-01
  1001 0.26276488E-01
  1002 0.25710655E-01
  1003 0.25337043E-01
  1004 0.25797051E-01
  1005 0.26454302E-01
  1006 0.26218306E-01
  1007 0.25497267E-01
  1008 0.25699312E-01
  1009 0.26375187E-01
  1010 0.26293344E-01
  1011 0.25678868E-01
  1012 0.25688775E-01
  1013 0.26374654E-01
  1014 0.26464669E-01
  1015 0.26003638E-01
  1016 0.25788122E-01
  1017 0.26162062E-01
  1018 0.26251126E-01
  1019 0.25978108E-01
  1020 0.25385384E-01
  1021 0.25960277E-01
  1022 0.26209076E-01
  1023 0.26060642E-01
  1024 0.25676333E-01
  1025 0.26051554E-01
  1026 0.26025966E-01
  1027 0.25749637E-01
  1028 0.25782574E-01
  1029 0.25755771E-01
  1030 0.26164154E-01
  1031 0.26019138E-01
  1032 0.25735589E-01
  1033 0.25965528E-01
  1034 0.26226365E-01
  1035 0.26050973E-01
  1036 0.25502928E-01
  1037 0.25822612E-01
  1038 0.26354694E-01
  1039 0.26336145E-01
  1040 0.25653863E-01
  1041 0.25643353E-01
  1042 0.26221269E-01
  1043 0.26396159E-01
  1044 0.25882054E-01
  1045 0.25506630E-01
  1046 0.25893310E-01
  1047 0.26321974E-01
  1048 0.25990379E-01
  1049 0.25750279E-01
  1050 0.25951785E-01
  1051 0.26191745E-01
  1052 0.25981206E-01
  1053 0.25771206E-01
  1054 0.25887274E-01
  1055 0.26634998E-01
  1056 0.26354559E-01
  1057 0.25815666E-01
  1058 0.25746607E-01
  1059 0.26435336E-01
  1060 0.26325430E-01
  1061 0.25906749E-01
  1062 0.25624432E-01
  1063 0.26491271E-01
  1064 0.26635202E-01
  1065 0.25913737E-01
  1066 0.25660774E-01
  1067 0.26476423E-01
  1068 0.26700916E-01
  1069 0.26099564E-01
  1070 0.25628416E-01
  1071 0.25983186E-01
  1072 0.26483376E-01
  1073 0.26240913E-01
  1074 0.25870378E-01
  1075 0.25816166E-01
  1076 0.26076241E-01
  1077 0.25890583E-01
  1078 0.25923387E-01
  1079 0.26200139E-01
  1080 0.26515169E-01
  1081 0.26429123E-01
  1082 0.26137976E-01
  1083 0.25924173E-01
  1084 0.26357641E-01
  1085 0.26249816E-01
  1086 0.25948261E-01
  1087 0.25547619E-01
  1088 0.26067161E-01
  1089 0.26271211E-01
  1090 0.26021750E-01
  1091 0.25923409E-01
  1092 0.26075786E-01
  1093 0.26258406E-01
  1094 0.25948840E-01
  1095 0.25693576E-01
  1096 0.25939724E-01
  1097 0.26145654E-01
  1098 0.25977212E-01
  1099 0.25982315E-01
  1100 0.26403057E-01
  1101 0.26130221E-01
  1102 0.25865103E-01
  1103 0.25731797E-01
  1104 0.26082472E-01
  1105 0.26612905E-01
  1106 0.26312396E-01
  1107 0.25665334E-01
  1108 0.25698457E-01
  1109 0.26438461E-01
  1110 0.26369446E-01
  1111 0.25726617E-01
  1112 0.25352061E-01
  1113 0.26001042E-01
  1114 0.26667690E-01
  1115 0.26239289E-01
  1116 0.25572400E-01
  1117 0.25888667E-01
  1118 0.26403254E-01
  1119 0.26427527E-01
  1120 0.25802407E-01
  1121 0.25539721E-01
  1122 0.25860956E-01
  1123 0.26037571E-01
  1124 0.26118125E-01
  1125 0.26095696E-01
  1126 0.26199793E-01
  1127 0.25684559E-01
  1128 0.25683570E-01
  1129 0.25932330E-01
  1130 0.26733885E-01
  1131 0.26632527E-01
  1132 0.25932760E-01
  1133 0.25568075E-01
  1134 0.26037889E-01
  1135 0.26340184E-01
  1136 0.26097598E-01
  1137 0.25749166E-01
  1138 0.26047631E-01
  1139 0.26286137E-01
  1140 0.26009773E-01
  1141 0.25783232E-01
  1142 0.26228147E-01
  1143 0.26559142E-01
  1144 0.26178122E-01
  1145 0.25575293E-01
  1146 0.25659607E-01
  1147 0.26244181E-01
  1148 0.26398406E-01
  1149 0.26010270E-01
  1150 0.26169626E-01
  1151 0.26266878E-01
  1152 0.26114011E-01
  1153 0.25791672E-01
  1154 0.25837123E-01
  1155 0.26579691E-01
  1156 0.26671035E-01
  1157 0.26043575E-01
  1158 0.25522764E-01
  1159 0.25900357E-01
  1160 0.26428370E-01
  1161 0.26245136E-01
  1162 0.25718347E-01
  1163 0.25665729E-01
  1164 0.26314865E-01
  1165 0.26567190E-01
  1166 0.26057130E-01
  1167 0.25721606E-01
  1168 0.26179110E-01
  1169 0.26348689E-01
  1170 0.26015243E-01
  1171 0.25733652E-01
  1172 0.26078477E-01
  1173 0.26020542E-01
  1174 0.25969200E-01
  1175 0.26312270E-01
  1176 0.26614887E-01
  1177 0.26189930E-01
  1178 0.25793601E-01
  1179 0.25729620E-01
  1180 0.26170656E-01
  1181 0.26634903E-01
  1182 0.26396551E-01
  1183 0.25740179E-01
  1184 0.25868734E-01
  1185 0.26211458E-01
  1186 0.26275717E-01
  1187 0.26029336E-01
  1188 0.25861546E-01
  1189 0.26490531E-01
  1190 0.26652624E-01
  1191 0.26172105E-01
  1192 0.25709071E-01
  1193 0.26283729E-01
  1194 0.26648756E-01
  1195 0.26411546E-01
  1196 0.26034006E-01
  1197 0.26069918E-01
  1198 0.26149987E-01
  1199 0.26164291E-01
  1200 0.26342084E-01
  1201 0.26679760E-01
  1202 0.26510136E-01
  1203 0.25844923E-01
  1204 0.25606843E-01
  1205 0.26232154E-01
  1206 0.26951256E-01
  1207 0.26989763E-01
  1208 0.26075328E-01
  1209 0.25828972E-01
  1210 0.26158785E-01
  1211 0.26422616E-01
  1212 0.26300252E-01
  1213 0.25940352E-01
  1214 0.26202073E-01
  1215 0.26477070E-01
  1216 0.26204585E-01
  1217 0.26008935E-01
  1218 0.26190565E-01
  1219 0.26580456E-01
  1220 0.26275549E-01
  1221 0.25787851E-01
  1222 0.25763403E-01
  1223 0.26087860E-01
  1224 0.26295495E-01
  1225 0.26117659E-01
  1226 0.26197389E-01
  1227 0.26309607E-01
  1228 0.25917604E-01
  1229 0.25816769E-01
  1230 0.25879969E-01
  1231 0.26618322E-01
  1232 0.26538704E-01
  1233 0.26060532E-01
  1234 0.25562188E-01
  1235 0.26129863E-01
  1236 0.26539068E-01
  1237 0.26489622E-01
  1238 0.25858106E-01
  1239 0.25707115E-01
  1240 0.26141414E-01
  1241 0.26290131E-01
  1242 0.26188890E-01
  1243 0.26150698E-01
  1244 0.26214248E-01
  1245 0.26047338E-01
  1246 0.25860445E-01
  1247 0.26135354E-01
  1248 0.26504532E-01
  1249 0.26375812E-01
  1250 0.26006042E-01
  1251 0.26014819E-01
  1252 0.26342972E-01
  1253 0.26221940E-01
  1254 0.25888310E-01
  1255 0.25830515E-01
  1256 0.26319857E-01
  1257 0.26653553E-01
  1258 0.26138289E-01
  1259 0.25648107E-01
  1260 0.26040468E-01
  1261 0.26528804E-01
  1262 0.26463548E-01
  1263 0.25796517E-01
  1264 0.25511586E-01
  1265 0.26204272E-01
  1266 0.26788696E-01
  1267 0.26491707E-01
  1268 0.26108991E-01
  1269 0.25903837E-01
  1270 0.26158575E-01
  1271 0.26284657E-01
  1272 0.26117394E-01
  1273 0.26323386E-01
  1274 0.25995580E-01
  1275 0.25865518E-01
  1276 0.25978145E-01
  1277 0.26509708E-01
  1278 0.26792311E-01
  1279 0.25957114E-01
  1280 0.25752892E-01
  1281 0.25839388E-01
  1282 0.26617223E-01
  1283 0.26406336E-01
  1284 0.25793146E-01
  1285 0.25584681E-01
  1286 0.26300126E-01
  1287 0.26565909E-01
  1288 0.26281117E-01
  1289 0.25562219E-01
  1290 0.25799856E-01
  1291 0.26265315E-01
  1292 0.26370026E-01
  1293 0.26102145E-01
  1294 0.25953922E-01
  1295 0.25952169E-01
  1296 0.26082066E-01
  1297 0.25896937E-01
  1298 0.25906750E-01
  1299 0.25789829E-01
  1300 0.25923017E-01
  1301 0.25666708E-01
  1302 0.25831010E-01
  1303 0.26006125E-01
  1304 0.25857970E-01
  1305 0.25548057E-01
  1306 0.25730471E-01
  1307 0.26096580E-01
  1308 0.26472413E-01
  1309 0.26161695E-01
  1310 0.25656585E-01
  1311 0.25814231E-01
  1312 0.26210458E-01
  1313 0.26303585E-01
  1314 0.25844231E-01
  1315 0.25503074E-01
  1316 0.26137880E-01
  1317 0.26297957E-01
  1318 0.26270700E-01
  1319 0.25848175E-01
  1320 0.25983824E-01
  1321 0.26264964E-01
  1322 0.25946393E-01
  1323 0.25621397E-01
  1324 0.25771572E-01
  1325 0.26008373E-01
  1326 0.25918658E-01
  1327 0.25941742E-01
  1328 0.25934919E-01
  1329 0.26146836E-01
  1330 0.26075198E-01
  1331 0.26039281E-01
  1332 0.25878721E-01
  1333 0.26199134E-01
  1334 0.26501261E-01
  1335 0.26039038E-01
  1336 0.25738155E-01
  1337 0.25822699E-01
  1338 0.26309988E-01
  1339 0.26804551E-01
  1340 0.26196892E-01
  1341 0.25720019E-01
  1342 0.25688476E-01
  1343 0.26345854E-01
  1344 0.26263517E-01
  1345 0.26183643E-01
  1346 0.25823681E-01
  1347 0.25722373E-01
  1348 0.26128032E-01
  1349 0.26578446E-01
  1350 0.26135376E-01
  1351 0.26003749E-01
  1352 0.25943406E-01
  1353 0.26456775E-01
  1354 0.26275093E-01
  1355 0.26091995E-01
  1356 0.25605223E-01
  1357 0.26006707E-01
  1358 0.26154271E-01
  1359 0.26425887E-01
  1360 0.26005943E-01
  1361 0.25761272E-01
  1362 0.25603726E-01
  1363 0.26136007E-01
  1364 0.26159929E-01
  1365 0.26014761E-01
  1366 0.25414438E-01
  1367 0.25442595E-01
  1368 0.25727636E-01
  1369 0.25957020E-01
  1370 0.25871933E-01
  1371 0.25603652E-01
  1372 0.25703836E-01
  1373 0.25864486E-01
  1374 0.25879487E-01
  1375 0.25695142E-01
  1376 0.25717185E-01
  1377 0.25658059E-01
  1378 0.25850839E-01
  1379 0.25895708E-01
  1380 0.25600116E-01
  1381 0.25600456E-01
  1382 0.25874983E-01
  1383 0.25836555E-01
  1384 0.25720549E-01
  1385 0.25716956E-01
  1386 0.25801045E-01
  1387 0.25930226E-01
  1388 0.25894939E-01
  1389 0.26330307E-01
  1390 0.26008764E-01
  1391 0.25674625E-01
  1392 0.25602846E-01
  1393 0.26159912E-01
  1394 0.26421304E-01
  1395 0.25866138E-01
  1396 0.25196646E-01
  1397 0.25485360E-01
  1398 0.26233370E-01
  1399 0.26294846E-01
  1400 0.25969371E-01
  1401 0.25474991E-01
  1402 0.25932737E-01
  1403 0.26577939E-01
  1404 0.26600957E-01
  1405 0.25841424E-01
  1406 0.25808920E-01
  1407 0.26523830E-01
  1408 0.26744003E-01
  1409 0.26384171E-01
  1410 0.25892248E-01
  1411 0.25749026E-01
  1412 0.26569011E-01
  1413 0.27064936E-01
  1414 0.26513422E-01
  1415 0.25895688E-01
  1416 0.25886637E-01
  1417 0.26687056E-01
  1418 0.26646344E-01
  1419 0.26633868E-01
  1420 0.25947900E-01
  1421 0.25770855E-01
  1422 0.26450171E-01
  1423 0.26631248E-01
  1424 0.26356944E-01
  1425 0.26164296E-01
  1426 0.26201676E-01
  1427 0.26067537E-01
  1428 0.26116266E-01
  1429 0.26221111E-01
  1430 0.26271059E-01
  1431 0.25985735E-01
  1432 0.25929013E-01
  1433 0.26005598E-01
  1434 0.26084595E-01
  1435 0.26096749E-01
  1436 0.26198139E-01
  1437 0.25805789E-01
  1438 0.25810435E-01
  1439 0.25786893E-01
  1440 0.25897559E-01
  1441 0.26003872E-01
  1442 0.25629739E-01
  1443 0.25600820E-01
  1444 0.25656318E-01
  1445 0.25865699E-01
  1446 0.25870656E-01
  1447 0.25555020E-01
  1448 0.25554703E-01
  1449 0.25753243E-01
  1450 0.25688570E-01
  1451 0.25733168E-01
  1452 0.25341461E-01
  1453 0.25236021E-01
  1454 0.25600393E-01
  1455 0.25867385E-01
  1456 0.25694917E-01
  1457 0.25252257E-01
  1458 0.25426730E-01
  1459 0.25846057E-01
  1460 0.26039914E-01
  1461 0.25780296E-01
  1462 0.25775518E-01
  1463 0.25628128E-01
  1464 0.25670224E-01
  1465 0.25700882E-01
  1466 0.25962255E-01
  1467 0.25929142E-01
  1468 0.25586746E-01
  1469 0.25348737E-01
  1470 0.25685636E-01
  1471 0.26254797E-01
  1472 0.26030834E-01
  1473 0.25723494E-01
  1474 0.25438297E-01
  1475 0.25893169E-01
  1476 0.26609671E-01
  1477 0.26473389E-01
  1478 0.25712370E-01
  1479 0.25618256E-01
  1480 0.26485222E-01
  1481 0.26969685E-01
  1482 0.26530903E-01
  1483 0.25923363E-01
  1484 0.25865041E-01
  1485 0.26562625E-01
  1486 0.27180035E-01
  1487 0.26649277E-01
  1488 0.26030395E-01
  1489 0.26128058E-01
  1490 0.27074454E-01
  1491 0.26930673E-01
  1492 0.26634628E-01
  1493 0.25903241E-01
  1494 0.26164910E-01
  1495 0.26772108E-01
  1496 0.26987960E-01
  1497 0.26203555E-01
  1498 0.25875399E-01
  1499 0.26206584E-01
  1500 0.26916699E-01
  1501 0.26518526E-01
  1502 0.26348468E-01
  1503 0.25576737E-01
  1504 0.26019128E-01
  1505 0.26446366E-01
  1506 0.26473602E-01
  1507 0.26128289E-01
  1508 0.25747815E-01
  1509 0.26004556E-01
  1510 0.26175521E-01
  1511 0.26204274E-01
  1512 0.25951211E-01
  1513 0.25598200E-01
  1514 0.25864206E-01
  1515 0.25992331E-01
  1516 0.26004807E-01
  1517 0.25857754E-01
  1518 0.25729718E-01
  1519 0.25785094E-01
  1520 0.25824870E-01
  1521 0.26026582E-01
  1522 0.26001743E-01
  1523 0.25484366E-01
  1524 0.25486066E-01
  1525 0.25450833E-01
  1526 0.25618738E-01
  1527 0.25842308E-01
  1528 0.25717679E-01
  1529 0.25448446E-01
  1530 0.25412973E-01
  1531 0.25667775E-01
  1532 0.26008936E-01
  1533 0.25745370E-01
  1534 0.25513933E-01
  1535 0.25661512E-01
  1536 0.25944721E-01
  1537 0.25792743E-01
  1538 0.25610807E-01
  1539 0.25589566E-01
  1540 0.25999062E-01
  1541 0.26029616E-01
  1542 0.25877736E-01
  1543 0.25389905E-01
  1544 0.25841975E-01
  1545 0.26060625E-01
  1546 0.26163238E-01
  1547 0.25832588E-01
  1548 0.25581645E-01
  1549 0.25831400E-01
  1550 0.26253283E-01
  1551 0.26197848E-01
  1552 0.25970323E-01
  1553 0.25917006E-01
  1554 0.26137405E-01
  1555 0.26211761E-01
  1556 0.26175897E-01
  1557 0.25957858E-01
  1558 0.25983584E-01
  1559 0.26196929E-01
  1560 0.26438148E-01
  1561 0.26336474E-01
  1562 0.26028256E-01
  1563 0.26119276E-01
  1564 0.26139947E-01
  1565 0.26362819E-01
  1566 0.26361969E-01
  1567 0.26036016E-01
  1568 0.26099748E-01
  1569 0.26137359E-01
  1570 0.26211338E-01
  1571 0.26239375E-01
  1572 0.26334931E-01
  1573 0.26396779E-01
  1574 0.26074321E-01
  1575 0.25935168E-01
  1576 0.26100302E-01
  1577 0.26140774E-01
  1578 0.26301533E-01
  1579 0.26049204E-01
  1580 0.25747943E-01
  1581 0.25920470E-01
  1582 0.26142436E-01
  1583 0.26385022E-01
  1584 0.25852691E-01
  1585 0.25642939E-01
  1586 0.25694715E-01
  1587 0.26132206E-01
  1588 0.26272114E-01
  1589 0.25921300E-01
  1590 0.25473421E-01
  1591 0.25826842E-01
  1592 0.26157491E-01
  1593 0.26426573E-01
  1594 0.25724531E-01
  1595 0.25503724E-01
  1596 0.25436253E-01
  1597 0.25834011E-01
  1598 0.25981438E-01
  1599 0.25766704E-01
  1600 0.25476767E-01
  1601 0.25698214E-01
  1602 0.25811251E-01
