#              x        Density              u              v              p           Mach
  -0.50000000E+00   0.10000000E+01   0.00000000E+00   0.00000000E+00   0.17857140E+00   0.00000000E+00
  -0.46153846E+00   0.68134947E+00   0.00000000E+00   0.00000000E+00   0.20043663E+00   0.00000000E+00
  -0.42307693E+00   0.63368895E+00   0.00000000E+00   0.00000000E+00   0.18785950E+00   0.00000000E+00
  -0.38461539E+00   0.62383755E+00   0.00000000E+00   0.00000000E+00   0.18432979E+00   0.00000000E+00
  -0.34615386E+00   0.62041564E+00   0.00000000E+00   0.00000000E+00   0.18303305E+00   0.00000000E+00
  -0.30769229E+00   0.61935004E+00   0.00000000E+00   0.00000000E+00   0.18257577E+00   0.00000000E+00
  -0.26923075E+00   0.61793615E+00   0.00000000E+00   0.00000000E+00   0.18204252E+00   0.00000000E+00
  -0.23076922E+00   0.61832978E+00   0.00000000E+00   0.00000000E+00   0.18214704E+00   0.00000000E+00
  -0.19230768E+00   0.62119158E+00   0.00000000E+00   0.00000000E+00   0.18319329E+00   0.00000000E+00
  -0.15384614E+00   0.63271581E+00   0.00000000E+00   0.00000000E+00   0.18698100E+00   0.00000000E+00
  -0.11538460E+00   0.66686343E+00   0.00000000E+00   0.00000000E+00   0.19869931E+00   0.00000000E+00
  -0.76923057E-01   0.70881544E+00   0.00000000E+00   0.00000000E+00   0.21341280E+00   0.00000000E+00
  -0.38461521E-01   0.68242024E+00   0.00000000E+00   0.00000000E+00   0.20586525E+00   0.00000000E+00
   0.18626451E-07   0.73329930E+00   0.00000000E+00   0.00000000E+00   0.22231002E+00   0.00000000E+00
   0.26315790E-01   0.82252891E+00   0.00000000E+00   0.00000000E+00   0.25100506E+00   0.00000000E+00
   0.52631579E-01   0.86096482E+00   0.00000000E+00   0.00000000E+00   0.26449137E+00   0.00000000E+00
   0.78947365E-01   0.92196201E+00   0.00000000E+00   0.00000000E+00   0.28415172E+00   0.00000000E+00
   0.10526316E+00   0.94694403E+00   0.00000000E+00   0.00000000E+00   0.29215311E+00   0.00000000E+00
   0.13157895E+00   0.96555383E+00   0.00000000E+00   0.00000000E+00   0.29742229E+00   0.00000000E+00
   0.15789473E+00   0.97922289E+00   0.00000000E+00   0.00000000E+00   0.30158505E+00   0.00000000E+00
   0.18421052E+00   0.98337181E+00   0.00000000E+00   0.00000000E+00   0.30279056E+00   0.00000000E+00
   0.21052632E+00   0.98615557E+00   0.00000000E+00   0.00000000E+00   0.30331906E+00   0.00000000E+00
   0.23684211E+00   0.98983041E+00   0.00000000E+00   0.00000000E+00   0.30415752E+00   0.00000000E+00
   0.26315790E+00   0.99467196E+00   0.00000000E+00   0.00000000E+00   0.30529348E+00   0.00000000E+00
   0.28947368E+00   0.99679939E+00   0.00000000E+00   0.00000000E+00   0.30561693E+00   0.00000000E+00
   0.31578946E+00   0.99624645E+00   0.00000000E+00   0.00000000E+00   0.30529864E+00   0.00000000E+00
   0.34210527E+00   0.99443338E+00   0.00000000E+00   0.00000000E+00   0.30460054E+00   0.00000000E+00
   0.36842105E+00   0.99280417E+00   0.00000000E+00   0.00000000E+00   0.30393501E+00   0.00000000E+00
   0.39473686E+00   0.99063548E+00   0.00000000E+00   0.00000000E+00   0.30306354E+00   0.00000000E+00
   0.42105263E+00   0.98621844E+00   0.00000000E+00   0.00000000E+00   0.30141055E+00   0.00000000E+00
   0.44736841E+00   0.97502075E+00   0.00000000E+00   0.00000000E+00   0.29792104E+00   0.00000000E+00
   0.47368422E+00   0.96897666E+00   0.00000000E+00   0.00000000E+00   0.29517301E+00   0.00000000E+00
   0.50000000E+00   0.61469254E+00   0.00000000E+00   0.00000000E+00   0.18643804E+00   0.00000000E+00
   0.52631581E+00   0.38672944E+00   0.00000000E+00   0.00000000E+00   0.11277380E+00   0.00000000E+00
   0.55263156E+00   0.36722386E+00   0.00000000E+00   0.00000000E+00   0.10657277E+00   0.00000000E+00
   0.57894737E+00   0.35361740E+00   0.00000000E+00   0.00000000E+00   0.10249383E+00   0.00000000E+00
   0.60526317E+00   0.35085541E+00   0.00000000E+00   0.00000000E+00   0.10174133E+00   0.00000000E+00
   0.63157892E+00   0.35051816E+00   0.00000000E+00   0.00000000E+00   0.10173071E+00   0.00000000E+00
   0.65789473E+00   0.34875833E+00   0.00000000E+00   0.00000000E+00   0.10123368E+00   0.00000000E+00
   0.68421054E+00   0.34532834E+00   0.00000000E+00   0.00000000E+00   0.10018969E+00   0.00000000E+00
   0.71052629E+00   0.34178390E+00   0.00000000E+00   0.00000000E+00   0.99102627E-01   0.00000000E+00
   0.73684210E+00   0.34007727E+00   0.00000000E+00   0.00000000E+00   0.98609646E-01   0.00000000E+00
   0.76315790E+00   0.34030938E+00   0.00000000E+00   0.00000000E+00   0.98797361E-01   0.00000000E+00
   0.78947371E+00   0.34239625E+00   0.00000000E+00   0.00000000E+00   0.99612331E-01   0.00000000E+00
   0.81578946E+00   0.34681850E+00   0.00000000E+00   0.00000000E+00   0.10125642E+00   0.00000000E+00
   0.84210527E+00   0.35453807E+00   0.00000000E+00   0.00000000E+00   0.10417545E+00   0.00000000E+00
   0.86842108E+00   0.36624676E+00   0.00000000E+00   0.00000000E+00   0.10871321E+00   0.00000000E+00
   0.89473683E+00   0.37572054E+00   0.00000000E+00   0.00000000E+00   0.11349443E+00   0.00000000E+00
   0.92105263E+00   0.38943884E+00   0.00000000E+00   0.00000000E+00   0.11967931E+00   0.00000000E+00
   0.94736844E+00   0.39223248E+00   0.00000000E+00   0.00000000E+00   0.12063872E+00   0.00000000E+00
   0.97368419E+00   0.38388378E+00   0.00000000E+00   0.00000000E+00   0.11846387E+00   0.00000000E+00
   0.10000000E+01   0.40761769E+00   0.00000000E+00   0.00000000E+00   0.12709659E+00   0.00000000E+00
   0.10384616E+01   0.45497213E+00   0.00000000E+00   0.00000000E+00   0.14225481E+00   0.00000000E+00
   0.10769231E+01   0.48825773E+00   0.00000000E+00   0.00000000E+00   0.15320664E+00   0.00000000E+00
   0.11153846E+01   0.52760940E+00   0.00000000E+00   0.00000000E+00   0.16568100E+00   0.00000000E+00
   0.11538461E+01   0.54507128E+00   0.00000000E+00   0.00000000E+00   0.17247210E+00   0.00000000E+00
   0.11923077E+01   0.55695556E+00   0.00000000E+00   0.00000000E+00   0.17640605E+00   0.00000000E+00
   0.12307693E+01   0.55749514E+00   0.00000000E+00   0.00000000E+00   0.17627487E+00   0.00000000E+00
   0.12692307E+01   0.55974949E+00   0.00000000E+00   0.00000000E+00   0.17675515E+00   0.00000000E+00
   0.13076923E+01   0.56355187E+00   0.00000000E+00   0.00000000E+00   0.17759675E+00   0.00000000E+00
   0.13461539E+01   0.56601761E+00   0.00000000E+00   0.00000000E+00   0.17746603E+00   0.00000000E+00
   0.13846154E+01   0.56743465E+00   0.00000000E+00   0.00000000E+00   0.17660109E+00   0.00000000E+00
   0.14230770E+01   0.56753647E+00   0.00000000E+00   0.00000000E+00   0.17499254E+00   0.00000000E+00
   0.14615384E+01   0.56843753E+00   0.00000000E+00   0.00000000E+00   0.17271960E+00   0.00000000E+00
   0.15000000E+01   0.56843730E+00   0.00000000E+00   0.00000000E+00   0.17271953E+00   0.00000000E+00
